sending 100000 messages. 64 requests at once
in read measurement mode: reading 100 messages after every 100 sent messages.
logging in to 192.168.188.59 as test
creating room testroomwith users:
[ 'user1',
  'user2',
  'user3',
  'user4',
  'user5',
  'user6',
  'user7',
  'user8',
  'user9',
  'user10',
  'user11',
  'user12',
  'user13',
  'user14',
  'user15',
  'user16',
  'user17',
  'user18',
  'user19',
  'user20',
  'user21',
  'user22',
  'user23',
  'user24',
  'user25',
  'user26',
  'user27',
  'user28',
  'user29',
  'user30',
  'user31',
  'user32' ]
100;9214844;9215189;345
200;9215730;9216177;447
300;9216387;9216825;438
400;9217157;9217609;452
500;9217874;9218314;440
600;9218727;9219625;898
700;9219965;9220485;520
800;9220702;9221139;437
900;9221301;9221796;495
1000;9222016;9222419;404
1100;9222726;9223145;419
1200;9223458;9223958;500
1300;9224141;9224646;505
1400;9224819;9225261;442
1500;9225484;9226067;583
1600;9226382;9226925;542
1700;9227099;9227563;465
1800;9227758;9228328;570
1900;9228615;9229005;390
2000;9229314;9229778;464
2100;9230099;9230531;432
2200;9230805;9231646;842
2300;9231668;9232092;424
2400;9232646;9233126;480
2500;9233164;9233618;454
2600;9234161;9234648;487
2700;9234759;9235267;507
2800;9235601;9236069;469
2900;9236680;9237237;558
3000;9237227;9237753;526
3100;9238114;9238618;504
3200;9238786;9239809;1023
3300;9240038;9240512;474
3400;9240783;9241336;553
3500;9241535;9241972;437
3600;9242233;9242702;469
3700;9242890;9243424;533
3800;9243638;9244007;369
3900;9244481;9245012;531
4000;9245145;9245608;463
4100;9245956;9246480;525
4200;9246677;9247246;570
4300;9247456;9247856;400
4400;9248143;9248736;593
4500;9248950;9249507;557
4600;9249782;9250202;419
4700;9250542;9251081;539
4800;9251217;9251741;524
4900;9252009;9252613;604
5000;9252859;9253348;490
5100;9253526;9253936;410
5200;9254297;9254723;427
5300;9255165;9255657;492
5400;9255785;9256283;497
5500;9256665;9257173;509
5600;9257347;9257906;558
5700;9258136;9258582;446
5800;9258876;9259346;470
5900;9260200;9260729;529
6000;9261015;9261521;506
6100;9261626;9262135;509
6200;9262540;9262943;403
6300;9263180;9263542;362
6400;9263916;9264363;447
6500;9264624;9265054;431
6600;9265440;9265964;524
6700;9266169;9266636;467
6800;9266885;9267353;468
6900;9267734;9268217;483
7000;9268397;9268853;456
7100;9269061;9269576;515
7200;9269895;9270410;514
7300;9270634;9271059;425
7400;9271427;9271943;516
7500;9272101;9272625;524
7600;9272956;9273418;462
7700;9273658;9274160;501
7800;9274466;9275022;556
7900;9275172;9275727;555
8000;9276005;9276506;501
8100;9276703;9277248;545
8200;9277554;9278005;451
8300;9278170;9278683;514
8400;9279109;9279620;510
8500;9279965;9281027;1062
8600;9281180;9281605;425
8700;9281846;9282273;427
8800;9282529;9283000;471
8900;9283342;9283816;474
9000;9283950;9284534;584
9100;9284822;9285353;531
9200;9285559;9285977;418
9300;9286240;9286885;645
9400;9287093;9287604;511
9500;9287809;9288354;545
9600;9288627;9289103;476
9700;9289357;9289920;563
9800;9290045;9290454;409
9900;9290746;9291205;459
10000;9291569;9292027;458
10100;9292422;9293012;590
10200;9293173;9293683;509
10300;9293806;9294361;555
10400;9294603;9295015;412
10500;9295298;9295784;486
10600;9296115;9296681;566
10700;9296936;9297556;620
10800;9297791;9298280;489
10900;9298507;9298885;378
11000;9299385;9299846;460
11100;9300159;9300871;712
11200;9300884;9301389;505
11300;9301798;9302737;939
11400;9303075;9303456;381
11500;9303749;9304168;418
11600;9304559;9305093;533
11700;9305286;9305715;429
11800;9305920;9306469;550
11900;9306696;9307110;415
12000;9307500;9308042;542
12100;9308123;9308565;441
12200;9308928;9309335;407
12300;9309708;9310167;459
12400;9310419;9310894;475
12500;9311169;9311615;446
12600;9311839;9312354;515
12700;9312623;9313087;464
12800;9313477;9314016;539
12900;9314128;9314728;600
13000;9315059;9315569;510
13100;9315704;9316210;506
13200;9316417;9316834;416
13300;9317247;9317674;427
13400;9317962;9318411;449
13500;9318683;9319245;562
13600;9319512;9320160;648
13700;9320372;9320865;493
13800;9321145;9321757;612
13900;9322034;9322571;537
14000;9322676;9323304;628
14100;9323457;9323905;448
14200;9324789;9325399;609
14300;9325626;9326087;461
14400;9326264;9326832;567
14500;9327048;9327607;559
14600;9327905;9328396;491
14700;9328498;9328924;427
14800;9329282;9329819;537
14900;9330006;9330423;418
15000;9330657;9331242;585
15100;9331472;9332137;665
15200;9332181;9332651;471
15300;9332965;9333427;461
15400;9333696;9334170;475
15500;9334427;9334984;557
15600;9335154;9335556;401
15700;9335839;9336316;477
15800;9336820;9337228;408
15900;9337427;9338012;585
16000;9338277;9338817;540
16100;9338874;9339358;484
16200;9339780;9340353;573
16300;9340360;9340821;461
16400;9341191;9341749;558
16500;9342136;9342698;562
16600;9342783;9343321;539
16700;9343573;9343995;421
16800;9344224;9344767;543
16900;9345103;9345654;551
17000;9345806;9346359;553
17100;9346583;9347655;1072
17200;9347974;9348460;486
17300;9348661;9349139;478
17400;9349426;9349794;367
17500;9350190;9350597;407
17600;9351053;9351482;429
17700;9351688;9352170;483
17800;9352470;9352990;520
17900;9353217;9353802;585
18000;9353906;9354421;515
18100;9354626;9355130;505
18200;9355350;9355945;595
18300;9356178;9356700;521
18400;9357053;9357543;490
18500;9357717;9358172;455
18600;9358559;9359129;570
18700;9359436;9359873;437
18800;9360028;9360418;391
18900;9360959;9361412;453
19000;9361605;9362092;487
19100;9362301;9362824;523
19200;9363215;9363682;468
19300;9363916;9364396;480
19400;9364719;9365167;448
19500;9365464;9365970;505
19600;9366236;9366733;498
19700;9366959;9367371;412
19800;9367903;9368416;513
19900;9368679;9369226;547
20000;9369912;9370481;569
20100;9370683;9371162;479
20200;9371546;9371995;449
20300;9372263;9372766;503
20400;9372934;9373339;405
20500;9373694;9374157;464
20600;9374329;9374843;514
20700;9375129;9375579;449
20800;9375805;9376312;507
20900;9376603;9377056;452
21000;9377380;9377933;553
21100;9378271;9378757;486
21200;9378947;9379448;501
21300;9379732;9380358;625
21400;9380485;9380916;431
21500;9381357;9382072;715
21600;9382171;9382601;430
21700;9382951;9383366;414
21800;9383846;9384300;454
21900;9384440;9384884;444
22000;9385376;9385881;505
22100;9386011;9386589;578
22200;9386730;9387244;515
22300;9387577;9388155;578
22400;9388378;9388895;518
22500;9389054;9389648;594
22600;9390113;9390573;460
22700;9390938;9391400;462
22800;9391759;9392746;987
22900;9392974;9393544;570
23000;9393645;9394098;452
23100;9394471;9394970;500
23200;9395190;9395635;446
23300;9395932;9396365;433
23400;9396574;9396969;395
23500;9397394;9397939;544
23600;9398233;9398690;457
23700;9398965;9399480;514
23800;9399756;9400240;485
23900;9400453;9400888;435
24000;9401285;9401781;497
24100;9402111;9402590;479
24200;9402739;9403186;447
24300;9403642;9404201;558
24400;9404417;9404953;535
24500;9405176;9405608;432
24600;9405929;9406452;523
24700;9406806;9407324;518
24800;9407520;9407923;403
24900;9408298;9408819;521
25000;9409112;9409635;523
25100;9409967;9410461;494
25200;9410747;9411173;426
25300;9411427;9412051;624
25400;9412251;9412722;471
25500;9412969;9413578;608
25600;9414015;9414975;960
25700;9415381;9415955;574
25800;9415993;9416513;520
25900;9416796;9417412;616
26000;9417686;9418211;526
26100;9418315;9418771;456
26200;9419126;9419638;512
26300;9419817;9420262;445
26400;9420618;9421079;461
26500;9421234;9421606;372
26600;9422007;9422585;578
26700;9422939;9423497;557
26800;9423514;9423998;484
26900;9424352;9424940;589
27000;9425061;9425525;464
27100;9425922;9426391;469
27200;9426486;9427008;522
27300;9427402;9427925;522
27400;9428080;9428661;581
27500;9428954;9429519;565
27600;9429783;9430313;529
27700;9430420;9430908;488
27800;9431350;9431852;502
27900;9432152;9432668;515
28000;9432800;9433363;562
28100;9433643;9434261;618
28200;9434478;9434944;466
28300;9435315;9435894;579
28400;9436069;9436527;458
28500;9437565;9438086;521
28600;9438388;9438843;454
28700;9438826;9439475;650
28800;9439945;9440298;353
28900;9440297;9440706;409
29000;9441113;9441671;558
29100;9442010;9442437;428
29200;9442587;9443013;426
29300;9443316;9443761;446
29400;9444124;9444515;391
29500;9444871;9445329;458
29600;9445465;9446027;561
29700;9446294;9446778;484
29800;9447113;9447537;424
29900;9447877;9448336;459
30000;9448598;9449216;619
30100;9449321;9449766;445
30200;9450209;9450700;491
30300;9451042;9451608;566
30400;9451746;9452248;503
30500;9452464;9453065;601
30600;9453286;9453724;438
30700;9453962;9454416;455
30800;9454910;9455409;499
30900;9455637;9456055;418
31000;9456391;9457007;616
31100;9457182;9457736;555
31200;9458032;9458491;459
31300;9459382;9459880;499
31400;9460164;9460574;409
31500;9460718;9461283;565
31600;9461639;9462121;482
31700;9462340;9462860;520
31800;9463107;9463654;547
31900;9463859;9464296;437
32000;9464676;9465058;381
32100;9465278;9465872;594
32200;9466132;9466592;460
32300;9466800;9467305;506
32400;9467758;9468267;509
32500;9468361;9468812;451
32600;9469034;9469476;442
32700;9469920;9470346;426
32800;9470581;9471054;473
32900;9471414;9471811;398
33000;9472018;9472563;545
33100;9472974;9473428;454
33200;9473586;9474122;536
33300;9474455;9474929;475
33400;9475168;9475787;619
33500;9475897;9476387;490
33600;9476794;9477288;494
33700;9477614;9478152;538
33800;9478404;9478928;524
33900;9479262;9479832;570
34000;9479955;9481045;1090
34100;9481322;9481931;609
34200;9482088;9482702;614
34300;9482920;9483337;417
34400;9483673;9484148;475
34500;9484382;9484930;548
34600;9485073;9485584;511
34700;9485785;9486314;529
34800;9486511;9486918;407
34900;9487290;9487798;508
35000;9488110;9488506;396
35100;9488894;9489426;532
35200;9489495;9489890;395
35300;9490345;9490707;362
35400;9491045;9491548;503
35500;9491937;9492316;379
35600;9492577;9493096;519
35700;9493301;9493757;456
35800;9494063;9494678;614
35900;9494950;9495495;545
36000;9495716;9496249;533
36100;9496450;9496999;549
36200;9497171;9497606;435
36300;9497867;9498307;439
36400;9498677;9499125;448
36500;9499559;9500163;603
36600;9500400;9500991;591
36700;9501167;9501697;531
36800;9501973;9503192;1219
36900;9503593;9504143;550
37000;9504383;9504826;443
37100;9505029;9505530;501
37200;9505932;9506342;410
37300;9506658;9507132;474
37400;9507421;9507951;530
37500;9508107;9508667;560
37600;9508976;9509507;530
37700;9509784;9510230;446
37800;9510359;9510925;566
37900;9511262;9511733;471
38000;9511933;9512454;520
38100;9512786;9513304;518
38200;9513528;9513932;404
38300;9514260;9514706;446
38400;9515047;9515541;494
38500;9515899;9516418;519
38600;9516622;9517096;473
38700;9517329;9517910;582
38800;9518145;9518581;436
38900;9519212;9519633;421
39000;9519837;9520344;507
39100;9520762;9521199;437
39200;9521299;9521836;537
39300;9522202;9522713;511
39400;9522842;9523302;460
39500;9523816;9524293;477
39600;9525262;9525792;530
39700;9525898;9526422;524
39800;9526712;9527288;576
39900;9527447;9527982;535
40000;9528178;9528606;428
40100;9528932;9529449;517
40200;9529648;9530252;604
40300;9530447;9530856;409
40400;9531117;9531668;551
40500;9532014;9532410;396
40600;9532667;9533129;462
40700;9533458;9533953;495
40800;9534215;9534606;391
40900;9534812;9535366;554
41000;9535570;9536096;526
41100;9536224;9536640;416
41200;9537079;9537556;477
41300;9537671;9538215;544
41400;9538566;9539102;536
41500;9539501;9539872;371
41600;9540082;9540554;472
41700;9540884;9541361;477
41800;9541643;9542324;681
41900;9542551;9542999;448
42000;9543406;9543914;508
42100;9544170;9544820;651
42200;9545036;9546212;1175
42300;9546579;9547137;559
42400;9547360;9547874;515
42500;9548063;9548502;439
42600;9548696;9549187;491
42700;9549529;9549954;424
42800;9550286;9550822;536
42900;9551079;9551576;498
43000;9551727;9552155;428
43100;9552586;9553045;459
43200;9553149;9553617;468
43300;9553954;9554467;514
43400;9554779;9555271;491
43500;9555480;9555979;499
43600;9556129;9556645;516
43700;9557014;9557632;618
43800;9557939;9558412;472
43900;9558580;9559117;538
44000;9559356;9559862;505
44100;9560166;9560590;423
44200;9561125;9561663;538
44300;9561785;9562331;546
44400;9562718;9563159;440
44500;9563267;9563800;532
44600;9564317;9564857;540
44700;9564971;9565438;466
44800;9565817;9566297;481
44900;9566850;9567950;1100
45000;9568108;9568597;488
45100;9568998;9569437;439
45200;9569525;9569953;428
45300;9570266;9570709;443
45400;9570967;9571570;603
45500;9571790;9572280;490
45600;9572651;9573110;459
45700;9573396;9573905;508
45800;9574140;9574668;528
45900;9574801;9575362;561
46000;9575712;9576213;501
46100;9576411;9577033;621
46200;9577169;9577703;534
46300;9577979;9578384;405
46400;9578590;9579112;522
46500;9579536;9580050;513
46600;9580126;9580631;505
46700;9581029;9581489;461
46800;9581828;9582337;509
46900;9582463;9582967;504
47000;9583398;9583949;551
47100;9584187;9584802;615
47200;9585062;9585694;631
47300;9585900;9586457;557
47400;9586562;9587012;450
47500;9588072;9588608;536
47600;9588902;9589365;463
47700;9589656;9590141;485
47800;9590384;9590845;461
47900;9591058;9591543;486
48000;9591845;9592421;576
48100;9592574;9592985;410
48200;9593417;9593985;568
48300;9594324;9594841;517
48400;9594901;9595422;521
48500;9595608;9596137;528
48600;9596351;9596817;467
48700;9597191;9597684;493
48800;9597892;9598388;496
48900;9598651;9599175;524
49000;9599476;9600004;529
49100;9600136;9600617;480
49200;9600999;9601487;488
49300;9601692;9602145;453
49400;9602488;9603006;518
49500;9603336;9603875;539
49600;9604015;9604531;516
49700;9604847;9605344;497
49800;9605555;9606156;601
49900;9606408;9606992;584
50000;9607392;9607978;586
50100;9608093;9609317;1225
50200;9609495;9609990;495
50300;9610207;9610691;485
50400;9611055;9611511;456
50500;9611736;9612321;584
50600;9612617;9613147;530
50700;9613366;9613816;450
50800;9614137;9614684;548
50900;9614783;9615356;574
51000;9615802;9616336;534
51100;9616410;9616899;488
51200;9617220;9617748;528
51300;9617978;9618528;549
51400;9618712;9619141;430
51500;9619610;9620267;657
51600;9620434;9621056;622
51700;9621294;9621909;616
51800;9622103;9622640;537
51900;9622912;9623336;424
52000;9623583;9624114;531
52100;9624449;9625015;566
52200;9625226;9625660;434
52300;9626089;9626543;454
52400;9626967;9627416;448
52500;9627681;9628282;601
52600;9628454;9628972;517
52700;9629287;9629843;556
52800;9630592;9631150;558
52900;9631513;9631974;461
53000;9632340;9632813;473
53100;9633036;9633569;532
53200;9633884;9634373;489
53300;9634487;9634968;480
53400;9635360;9635866;506
53500;9636075;9636529;454
53600;9636764;9637213;449
53700;9637677;9638173;497
53800;9638353;9638802;450
53900;9639279;9639799;520
54000;9639920;9640518;598
54100;9640750;9641366;616
54200;9641630;9642052;423
54300;9642296;9642904;608
54400;9643050;9643767;717
54500;9643981;9644436;455
54600;9644774;9645308;534
54700;9645527;9645956;429
54800;9646289;9646924;635
54900;9647052;9647510;459
55000;9647851;9648390;539
55100;9648607;9649159;553
55200;9649620;9650298;678
55300;9650504;9651046;543
55400;9651143;9652282;1139
55500;9652693;9653123;430
55600;9653352;9653866;515
55700;9654183;9654656;474
55800;9654901;9655469;568
55900;9655630;9656168;538
56000;9656387;9656874;487
56100;9657214;9657695;481
56200;9657928;9658408;480
56300;9658647;9659248;601
56400;9659485;9660019;534
56500;9660135;9660627;492
56600;9661008;9661545;537
56700;9661817;9662400;584
56800;9662788;9663430;641
56900;9663533;9664097;563
57000;9664444;9664967;523
57100;9665075;9665556;481
57200;9666025;9666459;433
57300;9666860;9667392;532
57400;9667520;9668068;549
57500;9668255;9668820;565
57600;9669184;9669753;570
57700;9669916;9670553;637
57800;9670812;9671356;544
57900;9671677;9672166;489
58000;9673297;9673782;485
58100;9673801;9674230;428
58200;9674750;9675285;536
58300;9675376;9675844;468
58400;9676070;9676512;442
58500;9676815;9677205;390
58600;9677585;9678131;545
58700;9678339;9678877;538
58800;9679113;9679652;539
58900;9679974;9680560;586
59000;9680902;9681421;519
59100;9681527;9682022;495
59200;9682184;9682763;579
59300;9683044;9683538;494
59400;9683926;9684489;563
59500;9684705;9685170;465
59600;9685445;9685941;496
59700;9686168;9686694;526
59800;9686971;9687422;451
59900;9687839;9688238;399
60000;9688657;9689199;541
60100;9689428;9689929;501
60200;9690233;9690724;491
60300;9691085;9691600;515
60400;9691958;9692423;466
60500;9692844;9693994;1150
60600;9694284;9694769;485
60700;9695015;9695610;595
60800;9695722;9696152;429
60900;9696576;9697123;547
61000;9697328;9697901;573
61100;9698053;9698540;487
61200;9698800;9699314;514
61300;9699662;9700044;382
61400;9700415;9700837;422
61500;9701244;9701735;492
61600;9702005;9702507;501
61700;9702718;9703254;537
61800;9703493;9703954;461
61900;9704262;9704673;411
62000;9704924;9705510;586
62100;9705799;9706305;506
62200;9706586;9707184;599
62300;9707294;9707831;536
62400;9708095;9708611;516
62500;9708916;9709405;489
62600;9709822;9710381;559
62700;9710587;9711134;547
62800;9711356;9711790;434
62900;9712234;9712706;472
63000;9712935;9713552;617
63100;9713881;9715125;1244
63200;9715411;9715945;534
63300;9716068;9716570;502
63400;9716826;9717439;614
63500;9717546;9718084;538
63600;9718429;9718960;531
63700;9719215;9719657;442
63800;9720052;9720634;582
63900;9720900;9721390;490
64000;9721576;9722172;597
64100;9722450;9722871;422
64200;9723233;9723704;472
64300;9723937;9724435;498
64400;9724713;9725176;463
64500;9725387;9725954;567
64600;9726381;9726910;528
64700;9727021;9727577;556
64800;9727833;9728462;629
64900;9728670;9729291;621
65000;9729510;9730147;637
65100;9730484;9731002;519
65200;9731125;9731734;609
65300;9731942;9732452;509
65400;9732877;9733434;557
65500;9733643;9734181;538
65600;9735451;9736127;676
65700;9736108;9736612;504
65800;9737015;9737528;513
65900;9737713;9738138;425
66000;9738470;9738918;448
66100;9739136;9739680;543
66200;9740106;9740538;432
66300;9740959;9741502;544
66400;9741682;9742186;504
66500;9742451;9742950;500
66600;9743399;9743859;460
66700;9743974;9744384;410
66800;9744793;9745158;365
66900;9745604;9746040;437
67000;9746426;9746901;475
67100;9747102;9747642;540
67200;9747884;9748426;542
67300;9748702;9749163;461
67400;9749406;9750042;636
67500;9750366;9750999;633
67600;9751158;9751610;451
67700;9751940;9752535;595
67800;9752847;9753400;553
67900;9753468;9754024;556
68000;9754458;9755635;1176
68100;9755860;9756367;507
68200;9756677;9757174;496
68300;9757599;9758093;493
68400;9758219;9759261;1042
68500;9759610;9760249;639
68600;9760174;9760716;542
68700;9761182;9761563;382
68800;9761645;9762179;534
68900;9762600;9763206;606
69000;9763204;9763674;470
69100;9763994;9764535;542
69200;9764987;9765526;539
69300;9765595;9766072;477
69400;9766490;9767043;553
69500;9767160;9767756;596
69600;9768054;9768661;608
69700;9768775;9769327;552
69800;9769741;9770110;369
69900;9770548;9771094;546
70000;9771213;9771754;541
70100;9772117;9773169;1052
70200;9773495;9774083;588
70300;9774363;9774914;551
70400;9775056;9775659;603
70500;9775902;9776390;488
70600;9776662;9777170;508
70700;9777484;9777956;472
70800;9778303;9778917;614
70900;9778924;9779396;472
71000;9779912;9780439;527
71100;9780562;9781015;453
71200;9781338;9781858;520
71300;9782109;9782621;512
71400;9782927;9783428;501
71500;9783645;9784327;681
71600;9784460;9785078;618
71700;9785363;9785871;508
71800;9786109;9786527;418
71900;9786840;9787443;603
72000;9787650;9788050;399
72100;9788559;9789121;561
72200;9789435;9789940;505
72300;9790251;9790735;484
72400;9790924;9792244;1320
72500;9792461;9792985;523
72600;9793225;9793835;610
72700;9794192;9794659;467
72800;9794802;9795252;450
72900;9795712;9796232;520
73000;9796632;9797164;531
73100;9797401;9797949;548
73200;9798082;9798633;551
73300;9799039;9799633;594
73400;9799606;9800135;530
73500;9800658;9801066;407
73600;9801279;9801802;523
73700;9802102;9802657;555
73800;9802993;9803488;494
73900;9803698;9804189;492
74000;9804526;9805066;540
74100;9805354;9805733;379
74200;9806044;9806484;440
74300;9806949;9807523;574
74400;9807711;9808282;571
74500;9808580;9809307;727
74600;9809420;9809966;546
74700;9810459;9810889;430
74800;9811071;9812222;1152
74900;9812603;9813110;506
75000;9813302;9813682;380
75100;9814144;9814686;542
75200;9815056;9815622;567
75300;9815725;9816304;580
75400;9816555;9817079;524
75500;9817286;9817805;519
75600;9818081;9818641;560
75700;9819005;9819563;557
75800;9819668;9820191;523
75900;9820621;9821123;502
76000;9821252;9821814;562
76100;9822217;9822855;639
76200;9823024;9823482;458
76300;9823791;9824280;490
76400;9824645;9825115;470
76500;9825265;9825821;556
76600;9826215;9826819;604
76700;9827009;9827514;506
76800;9827840;9828400;560
76900;9828629;9829210;581
77000;9829309;9829911;602
77100;9830264;9830819;556
77200;9831054;9832317;1263
77300;9832736;9833261;525
77400;9833406;9833992;586
77500;9834106;9834536;430
77600;9834983;9835574;591
77700;9835792;9836165;373
77800;9836678;9837232;554
77900;9837337;9837793;455
78000;9838226;9838736;511
78100;9839094;9839522;428
78200;9839828;9840382;553
78300;9840727;9841276;548
78400;9841399;9842071;673
78500;9842217;9842754;536
78600;9843071;9843564;493
78700;9843920;9844428;508
78800;9844644;9845199;554
78900;9845483;9846149;667
79000;9846237;9846706;469
79100;9847081;9847581;501
79200;9847895;9848416;521
79300;9848826;9849360;534
79400;9849653;9850190;537
79500;9850479;9851010;531
79600;9851331;9852532;1201
79700;9852882;9853485;602
79800;9853595;9854110;515
79900;9854487;9855009;522
80000;9855125;9855670;545
80100;9855946;9856516;570
80200;9856758;9857291;532
80300;9857509;9858066;557
80400;9858290;9858758;469
80500;9859066;9859723;658
80600;9859977;9860516;539
80700;9860765;9861316;551
80800;9861672;9862210;538
80900;9862443;9862881;437
81000;9863288;9863840;551
81100;9864079;9864740;661
81200;9864964;9865404;441
81300;9865775;9866345;569
81400;9866526;9867032;505
81500;9867331;9867942;611
81600;9868092;9868668;575
81700;9868878;9869362;483
81800;9869681;9870165;483
81900;9870621;9871207;586
82000;9872429;9872952;522
82100;9873206;9873777;571
82200;9874181;9874580;399
82300;9874873;9875248;375
82400;9875660;9876095;435
82500;9876545;9877083;539
82600;9877229;9877777;548
82700;9878013;9878492;479
82800;9878701;9879270;569
82900;9879760;9880203;443
83000;9880602;9881157;555
83100;9881185;9881661;476
83200;9882108;9882772;663
83300;9882828;9883406;578
83400;9883819;9884374;555
83500;9884404;9885072;668
83600;9885391;9885885;495
83700;9886281;9886803;521
83800;9887023;9887610;588
83900;9887903;9888303;400
84000;9888655;9889225;570
84100;9889566;9890086;520
84200;9890513;9891097;584
84300;9891284;9892633;1349
84400;9892939;9893454;514
84500;9893845;9894438;593
84600;9894673;9895281;607
84700;9895460;9895981;522
84800;9896420;9896890;470
84900;9897253;9897819;565
85000;9898091;9898702;611
85100;9898708;9899323;615
85200;9899727;9900301;574
85300;9900535;9901116;581
85400;9901404;9901987;584
85500;9902345;9902909;564
85600;9903127;9903657;529
85700;9904019;9904484;464
85800;9904754;9905244;490
85900;9905506;9906068;562
86000;9906274;9906754;479
86100;9907186;9907809;623
86200;9907841;9908261;420
86300;9908829;9909478;649
86400;9909587;9910050;463
86500;9910431;9911051;620
86600;9911282;9911693;411
86700;9912796;9913394;598
86800;9913714;9914211;496
86900;9914429;9914885;456
87000;9915110;9915552;442
87100;9916041;9916512;471
87200;9916684;9917149;465
87300;9917490;9917991;502
87400;9918327;9918860;533
87500;9919169;9919750;581
87600;9920069;9920646;578
87700;9920824;9921376;553
87800;9921734;9922216;482
87900;9922403;9922910;507
88000;9923202;9923687;485
88100;9923956;9924386;430
88200;9924735;9925174;439
88300;9925655;9926127;472
88400;9926335;9926744;408
88500;9927005;9927563;558
88600;9927894;9928470;576
88700;9928689;9929290;601
88800;9929522;9930147;625
88900;9930370;9930933;564
89000;9931203;9931705;502
89100;9931930;9933162;1233
89200;9933477;9933851;374
89300;9934175;9934722;547
89400;9935024;9935475;451
89500;9935692;9936245;553
89600;9936540;9937014;474
89700;9937347;9937726;380
89800;9937950;9938550;599
89900;9938854;9939481;627
90000;9939597;9940197;599
90100;9940433;9940847;414
90200;9941396;9941900;504
90300;9942129;9942710;582
90400;9942951;9943579;628
90500;9943755;9944300;545
90600;9944566;9945059;493
90700;9945224;9945710;486
90800;9946148;9946708;560
90900;9946836;9947404;568
91000;9947676;9948226;551
91100;9948590;9949084;494
91200;9949304;9949955;651
91300;9950197;9950812;615
91400;9950932;9952167;1236
91500;9952599;9953066;467
91600;9953187;9953647;460
91700;9954033;9954630;597
91800;9954867;9955449;582
91900;9955452;9955957;505
92000;9956440;9956997;557
92100;9957073;9957589;516
92200;9957962;9958466;503
92300;9958776;9959371;595
92400;9959484;9959980;496
92500;9960267;9960894;627
92600;9961117;9961576;459
92700;9961913;9962480;568
92800;9962725;9963130;405
92900;9963414;9963838;424
93000;9964203;9964744;541
93100;9964857;9965401;544
93200;9965714;9966277;563
93300;9966610;9967277;667
93400;9967455;9968088;633
93500;9968444;9968968;525
93600;9969070;9969648;579
93700;9969940;9970546;607
93800;9970675;9972089;1414
93900;9972441;9973069;628
94000;9973329;9973847;519
94100;9974043;9974560;517
94200;9974864;9975446;582
94300;9975650;9976125;475
94400;9976399;9976851;451
94500;9977127;9977740;613
94600;9978079;9978560;481
94700;9978739;9979266;527
94800;9979564;9980118;554
94900;9980546;9981081;535
95000;9981227;9981886;659
95100;9982105;9982646;540
95200;9982957;9983503;545
95300;9983643;9984100;457
95400;9984462;9984964;502
95500;9985289;9985767;477
95600;9986087;9986675;587
95700;9986731;9987360;630
95800;9987771;9988301;530
95900;9988625;9989138;513
96000;9989355;9989926;571
96100;9990188;9991525;1337
96200;9991576;9992213;636
96300;9992613;9993229;616
96400;9993375;9993871;496
96500;9994180;9994665;486
96600;9994809;9995316;507
96700;9995729;9996235;506
96800;9996609;9997130;521
96900;9997349;9997883;533
97000;9998101;9998563;462
97100;9998797;9999265;468
97200;9999585;10000067;482
97300;10000583;10001124;541
97400;10001578;10002052;473
97500;10002055;10002529;474
97600;10003033;10003626;593
97700;10003558;10004123;565
97800;10004415;10005001;586
97900;10005352;10005928;576
98000;10006061;10006708;647
98100;10007013;10007444;431
98200;10007711;10008216;505
98300;10008443;10008947;504
98400;10009355;10009864;510
98500;10010892;10011541;650
98600;10011682;10012240;558
98700;10012369;10012818;449
98800;10013378;10013858;480
98900;10014073;10014642;569
99000;10014854;10015409;556
99100;10015649;10016107;458
99200;10016409;10016992;583
99300;10017255;10017777;522
99400;10018037;10018623;586
99500;10018927;10019402;476
99600;10019677;10020244;567
99700;10020485;10020956;470
99800;10021271;10021781;510
99900;10022105;10022674;569
all done!
sending 100000 messages took 808709.2804470006 ms. That's 8.087092804470007 ms/message.
